V 54
K 1
D 0 -1270000 0 0
Y 1
U 1651000 762000 254000 0 2 3 REFDES=J?
U 1651000 508000 254000 0 2 3 DEVICE=SSW-106-02-G-S-RA
U 1651000 254000 254000 0 2 0 PKG_TYPE=SSW-106-XX-YYY-S-RA
U 1651000 0 254000 0 2 0 Description=.100" Tiger Buy Socket Strip,  positions per row,  row
U 1651000 -254000 254000 0 2 0 Datasheet Link=http://suddendocs.samtec.com/prints/ssw-1xx-xx-xxx-x-xx-xxx-xx-mkt.pdf
U 1651000 -508000 254000 0 2 0 Height=
U 1651000 -762000 254000 0 2 0 Mouser Part Number=200-SSW10602GSRA
U 1651000 -1016000 254000 0 2 0 Mouser Price/Stock=https://www.mouser.co.uk/ProductDetail/Samtec/SSW-106-02-G-S-RA?qs=92ilVni64gxK1gPeghtn8A%3D%3D
U 1651000 -1270000 254000 0 2 0 Manufacturer_Name=SAMTEC
U 1651000 -1524000 254000 0 2 0 Manufacturer_Part_Number=SSW-106-02-G-S-RA
U 0 0 254000 0 1 0 FORWARD_PCB=1
l 5 508000 254000 1524000 254000 1524000 -1524000 508000 -1524000 508000 254000
|GRPHSTL -1 -1 -1 1
P 1 0 0 508000 0 0 2 0
L 584200 0 228600 0 2 0 1 0 1
A 355600 50800 203200 0 9 3 #=1
A 0 0 9 0 3 0 PINTYPE=BI
P 2 0 -254000 508000 -254000 0 2 0
L 584200 -254000 228600 0 2 0 1 0 2
A 355600 -203200 203200 0 9 3 #=2
A 0 0 9 0 3 0 PINTYPE=BI
P 3 0 -508000 508000 -508000 0 2 0
L 584200 -508000 228600 0 2 0 1 0 3
A 355600 -457200 203200 0 9 3 #=3
A 0 0 9 0 3 0 PINTYPE=BI
P 4 0 -762000 508000 -762000 0 2 0
L 584200 -762000 228600 0 2 0 1 0 4
A 355600 -711200 203200 0 9 3 #=4
A 0 0 9 0 3 0 PINTYPE=BI
P 5 0 -1016000 508000 -1016000 0 2 0
L 584200 -1016000 228600 0 2 0 1 0 5
A 355600 -965200 203200 0 9 3 #=5
A 0 0 9 0 3 0 PINTYPE=BI
P 6 0 -1270000 508000 -1270000 0 2 0
L 584200 -1270000 228600 0 2 0 1 0 6
A 355600 -1219200 203200 0 9 3 #=6
A 0 0 9 0 3 0 PINTYPE=BI
E
